STATIONS_ID;MESS_DATUM_BEGINN;MESS_DATUM_ENDE;QN_6;MO_NSH;MO_RR;MO_SH_S;MX_RS;eor
        555;18910101;18910131;    5;   -999;    61.0;-999;-999;eor
        555;18910201;18910228;    5;   -999;     9.0;-999;-999;eor
        555;18910301;18910331;    5;   -999;   105.0;-999;-999;eor
        555;18910401;18910430;    5;   -999;    64.0;-999;-999;eor
        555;18910501;18910531;    5;   -999;    61.0;-999;-999;eor
        555;18910601;18910630;    5;   -999;   142.0;-999;-999;eor
        555;18910701;18910731;    5;   -999;   117.0;-999;-999;eor
        555;18910801;18910831;    5;   -999;    54.0;-999;-999;eor
        555;18910901;18910930;    5;   -999;    20.0;-999;-999;eor
        555;18911001;18911031;    5;   -999;    38.0;-999;-999;eor
        555;18911101;18911130;    5;   -999;    20.0;-999;-999;eor
        555;18911201;18911231;    5;   -999;   104.0;-999;-999;eor
        555;18920101;18920131;    5;   -999;    67.0;-999;-999;eor
        555;18920201;18920229;    5;   -999;    52.0;-999;-999;eor
        555;18920301;18920331;    5;   -999;    29.0;-999;-999;eor
        555;18920401;18920430;    5;   -999;    24.0;-999;-999;eor
        555;18920501;18920531;    5;   -999;    39.0;-999;-999;eor
        555;18920601;18920630;    5;   -999;    78.0;-999;-999;eor
        555;18920701;18920731;    5;   -999;    50.0;-999;-999;eor
        555;18920801;18920831;    5;   -999;    60.0;-999;-999;eor
        555;18920901;18920930;    5;   -999;   130.0;-999;-999;eor
        555;18921001;18921031;    5;   -999;    58.0;-999;-999;eor
        555;18921101;18921130;    5;   -999;    41.0;-999;-999;eor
        555;18921201;18921231;    5;   -999;    51.0;-999;-999;eor
        555;18930101;18930131;    5;   -999;    36.0;-999;-999;eor
        555;18930201;18930228;    5;   -999;   107.0;-999;-999;eor
        555;18930301;18930331;    5;   -999;    33.0;-999;-999;eor
        555;18930401;18930430;    5;   -999;     3.0;-999;-999;eor
        555;18930501;18930531;    5;   -999;    32.0;-999;-999;eor
        555;18930601;18930630;    5;   -999;    31.0;-999;-999;eor
        555;18930701;18930731;    5;   -999;   108.0;-999;-999;eor
        555;18930801;18930831;    5;   -999;    54.0;-999;-999;eor
        555;18930901;18930930;    5;   -999;    77.0;-999;-999;eor
        555;18931001;18931031;    5;   -999;    97.0;-999;-999;eor
        555;18931101;18931130;    5;   -999;    91.0;-999;-999;eor
        555;18931201;18931231;    5;   -999;    33.0;-999;-999;eor
        555;18940101;18940131;    5;   -999;    51.0;-999;-999;eor
        555;18940201;18940228;    5;   -999;    86.0;-999;-999;eor
        555;18940301;18940331;    5;   -999;    39.0;-999;-999;eor
        555;18940401;18940430;    5;   -999;    54.0;-999;-999;eor
        555;18940501;18940531;    5;   -999;    28.0;-999;-999;eor
        555;18940601;18940630;    5;   -999;   102.0;-999;-999;eor
        555;18940701;18940731;    5;   -999;   127.0;-999;-999;eor
        555;18940801;18940831;    5;   -999;   147.0;-999;-999;eor
        555;18940901;18940930;    5;   -999;    88.0;-999;-999;eor
        555;18941001;18941031;    5;   -999;   111.0;-999;-999;eor
        555;18941101;18941130;    5;   -999;    43.0;-999;-999;eor
        555;18941201;18941231;    5;   -999;    61.0;-999;-999;eor
        555;18950101;18950131;    5;   -999;    72.0;-999;-999;eor
        555;18950201;18950228;    5;   -999;    19.0;-999;-999;eor
        555;18950301;18950331;    5;   -999;    72.0;-999;-999;eor
        555;18950401;18950430;    5;   -999;    52.0;-999;-999;eor
        555;18950501;18950531;    5;   -999;    71.0;-999;-999;eor
        555;18950601;18950630;    5;   -999;    68.0;-999;-999;eor
        555;18950701;18950731;    5;   -999;   123.0;-999;-999;eor
        555;18950801;18950831;    5;   -999;    79.0;-999;-999;eor
        555;18950901;18950930;    5;   -999;    19.0;-999;-999;eor
        555;18951001;18951031;    5;   -999;    83.0;-999;-999;eor
        555;18951101;18951130;    5;   -999;    72.0;-999;-999;eor
        555;18951201;18951231;    5;   -999;   102.0;-999;-999;eor
        555;18960101;18960131;    5;   -999;    40.0;-999;-999;eor
        555;18960201;18960229;    5;   -999;    14.0;-999;-999;eor
        555;18960301;18960331;    5;   -999;    96.0;-999;-999;eor
        555;18960401;18960430;    5;   -999;    65.0;-999;-999;eor
        555;18960501;18960531;    5;   -999;    23.0;-999;-999;eor
        555;18960601;18960630;    5;   -999;    62.0;-999;-999;eor
        555;18960701;18960731;    5;   -999;   117.0;-999;-999;eor
        555;18960801;18960831;    5;   -999;    86.0;-999;-999;eor
        555;18960901;18960930;    5;   -999;    67.0;-999;-999;eor
        555;18961001;18961031;    5;   -999;    84.0;-999;-999;eor
        555;18961101;18961130;    5;   -999;    43.0;-999;-999;eor
        555;18961201;18961231;    5;   -999;    38.0;-999;-999;eor
        555;18970101;18970131;    5;   -999;    47.0;-999;-999;eor
        555;18970201;18970228;    5;   -999;    79.0;-999;-999;eor
        555;18970301;18970331;    5;   -999;    69.0;-999;-999;eor
        555;18970401;18970430;    5;   -999;    81.0;-999;-999;eor
        555;18970501;18970531;    5;   -999;   129.0;-999;-999;eor
        555;18970601;18970630;    5;   -999;   105.0;-999;-999;eor
        555;18970701;18970731;    5;   -999;    71.0;-999;-999;eor
        555;18970801;18970831;    5;   -999;    68.0;-999;-999;eor
        555;18970901;18970930;    5;   -999;    53.0;-999;-999;eor
        555;18971001;18971031;    5;   -999;    50.0;-999;-999;eor
        555;18971101;18971130;    5;   -999;    50.0;-999;-999;eor
        555;18971201;18971231;    5;   -999;    60.0;-999;-999;eor
        555;18980101;18980131;    5;   -999;    29.0;-999;-999;eor
        555;18980201;18980228;    5;   -999;   119.0;-999;-999;eor
        555;18980301;18980331;    5;   -999;    68.0;-999;-999;eor
        555;18980401;18980430;    5;   -999;    44.0;-999;-999;eor
        555;18980501;18980531;    5;   -999;   113.0;-999;-999;eor
        555;18980601;18980630;    5;   -999;    71.0;-999;-999;eor
        555;18980701;18980731;    5;   -999;   111.0;-999;-999;eor
        555;18980801;18980831;    5;   -999;    40.0;-999;-999;eor
        555;18980901;18980930;    5;   -999;    28.0;-999;-999;eor
        555;18981001;18981031;    5;   -999;    74.0;-999;-999;eor
        555;18981101;18981130;    5;   -999;    24.0;-999;-999;eor
        555;18981201;18981231;    5;   -999;    65.0;-999;-999;eor
        555;18990101;18990131;    5;   -999;    95.0;-999;-999;eor
        555;18990201;18990228;    5;   -999;    27.0;-999;-999;eor
        555;18990301;18990331;    5;   -999;    26.0;-999;-999;eor
        555;18990401;18990430;    5;   -999;   104.0;-999;-999;eor
        555;18990501;18990531;    5;   -999;   105.0;-999;-999;eor
        555;18990601;18990630;    5;   -999;    34.0;-999;-999;eor
        555;18990701;18990731;    5;   -999;    76.0;-999;-999;eor
        555;18990801;18990831;    5;   -999;    14.0;-999;-999;eor
        555;18990901;18990930;    5;   -999;   103.0;-999;-999;eor
        555;18991001;18991031;    5;   -999;    28.0;-999;-999;eor
        555;18991101;18991130;    5;   -999;    43.0;-999;-999;eor
        555;18991201;18991231;    5;   -999;    44.0;-999;-999;eor
        555;19000101;19000131;    5;   -999;    92.0;-999;-999;eor
        555;19000201;19000228;    5;   -999;    57.0;-999;-999;eor
        555;19000301;19000331;    5;   -999;    31.0;-999;-999;eor
        555;19000401;19000430;    5;   -999;    43.0;-999;-999;eor
        555;19000501;19000531;    5;   -999;    35.0;-999;-999;eor
        555;19000601;19000630;    5;   -999;   126.0;-999;-999;eor
        555;19000701;19000731;    5;   -999;    92.0;-999;-999;eor
        555;19000801;19000831;    5;   -999;   150.0;-999;-999;eor
        555;19000901;19000930;    5;   -999;    21.0;-999;-999;eor
        555;19001001;19001031;    5;   -999;   101.0;-999;-999;eor
        555;19001101;19001130;    5;   -999;    31.0;-999;-999;eor
        555;19001201;19001231;    5;   -999;    97.0;-999;-999;eor
        555;19010101;19010131;    5;   -999;    55.0;-999;-999;eor
        555;19010201;19010228;    5;   -999;    40.0;-999;-999;eor
        555;19010301;19010331;    5;   -999;    77.0;-999;-999;eor
        555;19010401;19010430;    5;   -999;    80.0;-999;-999;eor
        555;19010501;19010531;    5;   -999;     7.0;-999;-999;eor
        555;19010601;19010630;    5;   -999;    57.0;-999;-999;eor
        555;19010701;19010731;    5;   -999;    18.0;-999;-999;eor
        555;19010801;19010831;    5;   -999;    70.0;-999;-999;eor
        555;19010901;19010930;    5;   -999;   116.0;-999;-999;eor
        555;19011001;19011031;    5;   -999;   109.0;-999;-999;eor
        555;19011101;19011130;    5;   -999;    86.0;-999;-999;eor
        555;19011201;19011231;    5;   -999;    72.0;-999;-999;eor
        555;19020101;19020131;    5;   -999;    70.0;-999;-999;eor
        555;19020201;19020228;    5;   -999;    35.0;-999;-999;eor
        555;19020301;19020331;    5;   -999;    71.0;-999;-999;eor
        555;19020401;19020430;    5;   -999;    33.0;-999;-999;eor
        555;19020501;19020531;    5;   -999;   110.0;-999;-999;eor
        555;19020601;19020630;    5;   -999;    90.0;-999;-999;eor
        555;19020701;19020731;    5;   -999;    72.0;-999;-999;eor
        555;19020801;19020831;    5;   -999;    77.0;-999;-999;eor
        555;19020901;19020930;    5;   -999;    58.0;-999;-999;eor
        555;19021001;19021031;    5;   -999;    96.0;-999;-999;eor
        555;19021101;19021130;    5;   -999;    15.0;-999;-999;eor
        555;19021201;19021231;    5;   -999;    88.0;-999;-999;eor
        555;19030101;19030131;    5;   -999;    37.0;-999;-999;eor
        555;19030201;19030228;    5;   -999;    43.0;-999;-999;eor
        555;19030301;19030331;    5;   -999;    54.0;-999;-999;eor
        555;19030401;19030430;    5;   -999;    90.0;-999;-999;eor
        555;19030501;19030531;    5;   -999;    81.0;-999;-999;eor
        555;19030601;19030630;    5;   -999;    35.0;-999;-999;eor
        555;19030701;19030731;    5;   -999;   112.0;-999;-999;eor
        555;19030801;19030831;    5;   -999;    68.0;-999;-999;eor
        555;19030901;19030930;    5;   -999;    79.0;-999;-999;eor
        555;19031001;19031031;    5;   -999;    90.0;-999;-999;eor
        555;19031101;19031130;    5;   -999;    94.0;-999;-999;eor
        555;19031201;19031231;    5;   -999;    19.0;-999;-999;eor
        555;19040101;19040131;    5;   -999;    52.0;-999;-999;eor
        555;19040201;19040229;    5;   -999;    67.0;-999;-999;eor
        555;19040301;19040331;    5;   -999;    65.0;-999;-999;eor
        555;19040401;19040430;    5;   -999;    43.0;-999;-999;eor
        555;19040501;19040531;    5;   -999;    33.0;-999;-999;eor
        555;19040601;19040630;    5;   -999;    68.0;-999;-999;eor
        555;19040701;19040731;    5;   -999;    41.0;-999;-999;eor
        555;19040801;19040831;    5;   -999;    73.0;-999;-999;eor
        555;19040901;19040930;    5;   -999;    27.0;-999;-999;eor
        555;19041001;19041031;    5;   -999;    44.0;-999;-999;eor
        555;19041101;19041130;    5;   -999;    56.0;-999;-999;eor
        555;19041201;19041231;    5;   -999;    65.0;-999;-999;eor
        555;19050101;19050131;    5;   -999;    57.0;-999;-999;eor
        555;19050201;19050228;    5;   -999;    56.0;-999;-999;eor
        555;19050301;19050331;    5;   -999;   114.0;-999;-999;eor
        555;19050401;19050430;    5;   -999;    72.0;-999;-999;eor
        555;19050501;19050531;    5;   -999;    49.0;-999;-999;eor
        555;19050601;19050630;    5;   -999;   113.0;-999;-999;eor
        555;19050701;19050731;    5;   -999;    97.0;-999;-999;eor
        555;19050801;19050831;    5;   -999;    58.0;-999;-999;eor
        555;19050901;19050930;    5;   -999;    64.0;-999;-999;eor
        555;19051001;19051031;    5;   -999;   126.0;-999;-999;eor
        555;19051101;19051130;    5;   -999;    71.0;-999;-999;eor
        555;19051201;19051231;    5;   -999;    31.0;-999;-999;eor
        555;19060101;19060131;    5;   -999;    82.0;-999;-999;eor
        555;19060201;19060228;    5;   -999;    42.0;-999;-999;eor
        555;19060301;19060331;    5;   -999;    91.0;-999;-999;eor
        555;19060401;19060430;    5;   -999;    43.0;-999;-999;eor
        555;19060501;19060531;    5;   -999;    94.0;-999;-999;eor
        555;19060601;19060630;    5;   -999;    66.0;-999;-999;eor
        555;19060701;19060731;    5;   -999;    55.0;-999;-999;eor
        555;19060801;19060831;    5;   -999;    93.0;-999;-999;eor
        555;19060901;19060930;    5;   -999;    41.0;-999;-999;eor
        555;19061001;19061031;    5;   -999;    65.0;-999;-999;eor
        555;19061101;19061130;    5;   -999;    66.0;-999;-999;eor
        555;19061201;19061231;    5;   -999;    74.0;-999;-999;eor
        555;19070101;19070131;    5;   -999;    43.0;-999;-999;eor
        555;19070201;19070228;    5;   -999;    54.0;-999;-999;eor
        555;19070301;19070331;    5;   -999;    59.0;-999;-999;eor
        555;19070401;19070430;    5;   -999;    20.0;-999;-999;eor
        555;19070501;19070531;    5;   -999;    97.0;-999;-999;eor
        555;19070601;19070630;    5;   -999;    88.0;-999;-999;eor
        555;19070701;19070731;    5;   -999;    92.0;-999;-999;eor
        555;19070801;19070831;    5;   -999;    95.0;-999;-999;eor
        555;19070901;19070930;    5;   -999;    37.0;-999;-999;eor
        555;19071001;19071031;    5;   -999;    38.0;-999;-999;eor
        555;19071101;19071130;    5;   -999;    46.0;-999;-999;eor
        555;19071201;19071231;    5;   -999;    55.0;-999;-999;eor
        555;19080101;19080131;    5;   -999;    52.0;-999;-999;eor
        555;19080201;19080229;    5;   -999;    76.0;-999;-999;eor
        555;19080301;19080331;    5;   -999;    42.0;-999;-999;eor
        555;19080401;19080430;    5;   -999;    77.0;-999;-999;eor
        555;19080501;19080531;    5;   -999;    74.0;-999;-999;eor
        555;19080601;19080630;    5;   -999;    54.0;-999;-999;eor
        555;19080701;19080731;    5;   -999;    77.0;-999;-999;eor
        555;19080801;19080831;    5;   -999;   118.0;-999;-999;eor
        555;19080901;19080930;    5;   -999;    92.0;-999;-999;eor
        555;19081001;19081031;    5;   -999;     4.0;-999;-999;eor
        555;19081101;19081130;    5;   -999;    54.0;-999;-999;eor
        555;19081201;19081231;    5;   -999;    28.0;-999;-999;eor
        555;19090101;19090131;    5;   -999;    36.0;-999;-999;eor
        555;19090201;19090228;    5;   -999;    95.0;-999;-999;eor
        555;19090301;19090331;    5;   -999;    45.0;-999;-999;eor
        555;19090401;19090430;    5;   -999;    53.0;-999;-999;eor
        555;19090501;19090531;    5;   -999;    31.0;-999;-999;eor
        555;19090601;19090630;    5;   -999;    58.0;-999;-999;eor
        555;19090701;19090731;    5;   -999;   115.0;-999;-999;eor
        555;19090801;19090831;    5;   -999;    85.0;-999;-999;eor
        555;19090901;19090930;    5;   -999;    96.0;-999;-999;eor
        555;19091001;19091031;    5;   -999;    45.0;-999;-999;eor
        555;19091101;19091130;    5;   -999;    60.0;-999;-999;eor
        555;19091201;19091231;    5;   -999;    94.0;-999;-999;eor
        555;19100101;19100131;    5;   -999;    68.0;-999;-999;eor
        555;19100201;19100228;    5;   -999;    80.0;-999;-999;eor
        555;19100301;19100331;    5;   -999;    21.0;-999;-999;eor
        555;19100401;19100430;    5;   -999;    50.0;-999;-999;eor
        555;19100501;19100531;    5;   -999;    52.0;-999;-999;eor
        555;19100601;19100630;    5;   -999;   130.0;-999;-999;eor
        555;19100701;19100731;    5;   -999;   153.0;-999;-999;eor
        555;19100801;19100831;    5;   -999;    95.0;-999;-999;eor
        555;19100901;19100930;    5;   -999;    75.0;-999;-999;eor
        555;19101001;19101031;    5;   -999;    11.0;-999;-999;eor
        555;19101101;19101130;    5;   -999;    78.0;-999;-999;eor
        555;19101201;19101231;    5;   -999;    66.0;-999;-999;eor
        555;19110101;19110131;    5;   -999;    22.0;-999;-999;eor
        555;19110201;19110228;    5;   -999;    58.0;-999;-999;eor
        555;19110301;19110331;    5;   -999;    54.0;-999;-999;eor
        555;19110401;19110430;    5;   -999;    39.0;-999;-999;eor
        555;19110501;19110531;    5;   -999;    42.0;-999;-999;eor
        555;19110601;19110630;    5;   -999;    80.0;-999;-999;eor
        555;19110701;19110731;    5;   -999;    16.0;-999;-999;eor
        555;19110801;19110831;    5;   -999;    25.0;-999;-999;eor
        555;19110901;19110930;    5;   -999;    36.0;-999;-999;eor
        555;19111001;19111031;    5;   -999;    74.0;-999;-999;eor
        555;19111101;19111130;    5;   -999;    50.0;-999;-999;eor
        555;19111201;19111231;    5;   -999;    71.0;-999;-999;eor
        555;19120101;19120131;    5;   -999;    76.0;-999;-999;eor
        555;19120201;19120229;    5;   -999;    46.0;-999;-999;eor
        555;19120301;19120331;    5;   -999;    78.0;-999;-999;eor
        555;19120401;19120430;    5;   -999;    47.0;-999;-999;eor
        555;19120501;19120531;    5;   -999;    53.0;-999;-999;eor
        555;19120601;19120630;    5;   -999;    94.0;-999;-999;eor
        555;19120701;19120731;    5;   -999;    26.0;-999;-999;eor
        555;19120801;19120831;    5;   -999;   134.0;-999;-999;eor
        555;19120901;19120930;    5;   -999;    75.0;-999;-999;eor
        555;19121001;19121031;    5;   -999;    69.0;-999;-999;eor
        555;19121101;19121130;    5;   -999;    91.0;-999;-999;eor
        555;19121201;19121231;    5;   -999;    91.0;-999;-999;eor
        555;19130101;19130131;    5;   -999;    67.0;-999;-999;eor
        555;19130201;19130228;    5;   -999;    26.0;-999;-999;eor
        555;19130301;19130331;    5;   -999;    88.0;-999;-999;eor
        555;19130401;19130430;    5;   -999;    39.0;-999;-999;eor
        555;19130501;19130531;    5;   -999;    47.0;-999;-999;eor
        555;19130601;19130630;    5;   -999;    81.0;-999;-999;eor
        555;19130701;19130731;    5;   -999;    90.0;-999;-999;eor
        555;19130801;19130831;    5;   -999;    18.0;-999;-999;eor
        555;19130901;19130930;    5;   -999;    55.0;-999;-999;eor
        555;19131001;19131031;    5;   -999;    54.0;-999;-999;eor
        555;19131101;19131130;    5;   -999;    62.0;-999;-999;eor
        555;19131201;19131231;    5;   -999;    87.0;-999;-999;eor
        555;19140101;19140131;    5;   -999;    46.0;-999;-999;eor
        555;19140201;19140228;    5;   -999;    28.0;-999;-999;eor
        555;19140301;19140331;    5;   -999;    98.0;-999;-999;eor
        555;19140401;19140430;    5;   -999;    30.0;-999;-999;eor
        555;19140501;19140531;    5;   -999;    72.0;-999;-999;eor
        555;19140601;19140630;    5;   -999;    92.0;-999;-999;eor
        555;19140701;19140731;    5;   -999;    93.0;-999;-999;eor
        555;19140801;19140831;    5;   -999;   103.0;-999;-999;eor
        555;19140901;19140930;    5;   -999;    60.0;-999;-999;eor
        555;19141001;19141031;    5;   -999;    83.0;-999;-999;eor
        555;19141101;19141130;    5;   -999;    37.0;-999;-999;eor
        555;19141201;19141231;    5;   -999;    73.0;-999;-999;eor
        555;19150101;19150131;    5;   -999;    88.0;-999;-999;eor
        555;19150201;19150228;    5;   -999;    41.0;-999;-999;eor
        555;19150301;19150331;    5;   -999;    51.0;-999;-999;eor
        555;19150401;19150430;    5;   -999;    44.0;-999;-999;eor
        555;19150501;19150531;    5;   -999;    29.0;-999;-999;eor
        555;19150601;19150630;    5;   -999;    12.0;-999;-999;eor
        555;19150701;19150731;    5;   -999;   100.0;-999;-999;eor
        555;19150801;19150831;    5;   -999;    98.0;-999;-999;eor
        555;19150901;19150930;    5;   -999;    32.0;-999;-999;eor
        555;19151001;19151031;    5;   -999;    25.0;-999;-999;eor
        555;19151101;19151130;    5;   -999;    50.0;-999;-999;eor
        555;19151201;19151231;    5;   -999;   118.0;-999;-999;eor
        555;19160101;19160131;    5;   -999;    93.0;-999;-999;eor
        555;19160201;19160229;    5;   -999;    76.0;-999;-999;eor
        555;19160301;19160331;    5;   -999;    64.0;-999;-999;eor
        555;19160401;19160430;    5;   -999;    55.0;-999;-999;eor
        555;19160501;19160531;    5;   -999;    45.0;-999;-999;eor
        555;19160601;19160630;    5;   -999;    55.0;-999;-999;eor
        555;19160701;19160731;    5;   -999;    85.0;-999;-999;eor
        555;19160801;19160831;    5;   -999;    83.0;-999;-999;eor
        555;19160901;19160930;    5;   -999;    67.0;-999;-999;eor
        555;19161001;19161031;    5;   -999;    85.0;-999;-999;eor
        555;19161101;19161130;    5;   -999;    36.0;-999;-999;eor
        555;19161201;19161231;    5;   -999;    68.0;-999;-999;eor
        555;19170101;19170131;    5;   -999;    56.0;-999;-999;eor
        555;19170201;19170228;    5;   -999;    12.0;-999;-999;eor
        555;19170301;19170331;    5;   -999;    45.0;-999;-999;eor
        555;19170401;19170430;    5;   -999;    67.0;-999;-999;eor
        555;19170501;19170531;    5;   -999;    26.0;-999;-999;eor
        555;19170601;19170630;    5;   -999;   153.0;-999;-999;eor
        555;19170701;19170731;    5;   -999;   102.0;-999;-999;eor
        555;19170801;19170831;    5;   -999;   125.0;-999;-999;eor
        555;19170901;19170930;    5;   -999;    29.0;-999;-999;eor
        555;19171001;19171031;    5;   -999;   112.0;-999;-999;eor
        555;19171101;19171130;    5;   -999;    63.0;-999;-999;eor
        555;19171201;19171231;    5;   -999;    30.0;-999;-999;eor
        555;19180101;19180131;    5;   -999;    81.0;-999;-999;eor
        555;19180201;19180228;    5;   -999;    61.0;-999;-999;eor
        555;19180301;19180331;    5;   -999;    22.0;-999;-999;eor
        555;19180401;19180430;    5;   -999;    34.0;-999;-999;eor
        555;19180501;19180531;    5;   -999;    63.0;-999;-999;eor
        555;19180601;19180630;    5;   -999;    52.0;-999;-999;eor
        555;19180701;19180731;    5;   -999;    73.0;-999;-999;eor
        555;19180801;19180831;    5;   -999;    99.0;-999;-999;eor
        555;19180901;19180930;    5;   -999;   171.0;-999;-999;eor
        555;19181001;19181031;    5;   -999;    78.0;-999;-999;eor
        555;19181101;19181130;    5;   -999;    31.0;-999;-999;eor
        555;19181201;19181231;    5;   -999;   119.0;-999;-999;eor
        555;19190101;19190131;    5;   -999;    34.0;-999;-999;eor
        555;19190201;19190228;    5;   -999;    38.0;-999;-999;eor
        555;19190301;19190331;    5;   -999;    66.0;-999;-999;eor
        555;19190401;19190430;    5;   -999;    68.0;-999;-999;eor
        555;19190501;19190531;    5;   -999;    21.0;-999;-999;eor
        555;19190601;19190630;    5;   -999;    76.0;-999;-999;eor
        555;19190701;19190731;    5;   -999;   128.0;-999;-999;eor
        555;19190801;19190831;    5;   -999;    58.0;-999;-999;eor
        555;19190901;19190930;    5;   -999;    51.0;-999;-999;eor
        555;19191001;19191031;    5;   -999;    44.0;-999;-999;eor
        555;19191101;19191130;    5;   -999;   113.0;-999;-999;eor
        555;19191201;19191231;    5;   -999;   143.0;-999;-999;eor
        555;19200101;19200131;    5;   -999;   119.0;-999;-999;eor
        555;19200201;19200229;    5;   -999;    48.0;-999;-999;eor
        555;19200301;19200331;    5;   -999;    20.0;-999;-999;eor
        555;19200401;19200430;    5;   -999;    65.0;-999;-999;eor
        555;19200501;19200531;    5;   -999;    73.0;-999;-999;eor
        555;19200601;19200630;    5;   -999;    30.0;-999;-999;eor
        555;19200701;19200731;    5;   -999;   113.0;-999;-999;eor
        555;19200801;19200831;    5;   -999;   167.0;-999;-999;eor
        555;19200901;19200930;    5;   -999;    78.0;-999;-999;eor
        555;19201001;19201031;    5;   -999;    18.0;-999;-999;eor
        555;19201101;19201130;    5;   -999;    21.0;-999;-999;eor
        555;19201201;19201231;    5;   -999;    28.0;-999;-999;eor
        555;19210101;19210131;    5;   -999;   126.0;-999;-999;eor
        555;19210201;19210228;    5;   -999;    18.0;-999;-999;eor
        555;19210301;19210331;    5;   -999;    32.0;-999;-999;eor
        555;19210401;19210430;    5;   -999;    31.0;-999;-999;eor
        555;19210501;19210531;    5;   -999;    51.0;-999;-999;eor
        555;19210601;19210630;    5;   -999;    58.0;-999;-999;eor
        555;19210701;19210731;    5;   -999;    31.0;-999;-999;eor
        555;19210801;19210831;    5;   -999;    36.0;-999;-999;eor
        555;19210901;19210930;    5;   -999;    42.0;-999;-999;eor
        555;19211001;19211031;    5;   -999;    30.0;-999;-999;eor
        555;19211101;19211130;    5;   -999;    23.0;-999;-999;eor
        555;19211201;19211231;    5;   -999;    68.0;-999;-999;eor
        555;19220101;19220131;    5;   -999;    62.0;-999;-999;eor
        555;19220201;19220228;    5;   -999;    73.0;-999;-999;eor
        555;19220301;19220331;    5;   -999;    45.0;-999;-999;eor
        555;19220401;19220430;    5;   -999;    74.0;-999;-999;eor
        555;19220501;19220531;    5;   -999;    25.0;-999;-999;eor
        555;19220601;19220630;    5;   -999;    29.0;-999;-999;eor
        555;19220701;19220731;    5;   -999;    59.0;-999;-999;eor
        555;19220801;19220831;    5;   -999;    62.0;-999;-999;eor
        555;19220901;19220930;    5;   -999;   103.0;-999;-999;eor
        555;19221001;19221031;    5;   -999;    55.0;-999;-999;eor
        555;19221101;19221130;    5;   -999;    67.0;-999;-999;eor
        555;19221201;19221231;    5;   -999;    80.0;-999;-999;eor
        555;19230101;19230131;    5;   -999;    64.0;-999;-999;eor
        555;19230201;19230228;    5;   -999;    60.0;-999;-999;eor
        555;19230301;19230331;    5;   -999;    47.0;-999;-999;eor
        555;19230401;19230430;    5;   -999;    29.0;-999;-999;eor
        555;19230501;19230531;    5;   -999;   158.0;-999;-999;eor
        555;19230601;19230630;    5;   -999;    83.0;-999;-999;eor
        555;19230701;19230731;    5;   -999;    61.0;-999;-999;eor
        555;19230801;19230831;    5;   -999;    88.0;-999;-999;eor
        555;19230901;19230930;    5;   -999;    56.0;-999;-999;eor
        555;19231001;19231031;    5;   -999;   151.0;-999;-999;eor
        555;19231101;19231130;    5;   -999;    64.0;-999;-999;eor
        555;19231201;19231231;    5;   -999;    64.0;-999;-999;eor
        555;19240101;19240131;    5;   -999;    31.0;-999;-999;eor
        555;19240201;19240229;    5;   -999;    50.0;-999;-999;eor
        555;19240301;19240331;    5;   -999;    32.0;-999;-999;eor
        555;19240401;19240430;    5;   -999;    75.0;-999;-999;eor
        555;19240501;19240531;    5;   -999;    71.0;-999;-999;eor
        555;19240601;19240630;    5;   -999;    52.0;-999;-999;eor
        555;19240701;19240731;    5;   -999;   108.0;-999;-999;eor
        555;19240801;19240831;    5;   -999;   237.0;-999;-999;eor
        555;19240901;19240930;    5;   -999;   115.0;-999;-999;eor
        555;19241001;19241031;    5;   -999;    41.0;-999;-999;eor
        555;19241101;19241130;    5;   -999;    40.0;-999;-999;eor
        555;19241201;19241231;    5;   -999;    45.0;-999;-999;eor
        555;19250101;19250131;    5;   -999;   127.0;-999;-999;eor
        555;19250201;19250228;    5;   -999;    61.0;-999;-999;eor
        555;19250301;19250331;    5;   -999;    71.0;-999;-999;eor
        555;19250401;19250430;    5;   -999;    44.0;-999;-999;eor
        555;19250501;19250531;    5;   -999;    82.0;-999;-999;eor
        555;19250601;19250630;    5;   -999;    48.0;-999;-999;eor
        555;19250701;19250731;    5;   -999;    39.0;-999;-999;eor
        555;19250801;19250831;    5;   -999;    55.0;-999;-999;eor
        555;19250901;19250930;    5;   -999;   149.0;-999;-999;eor
        555;19251001;19251031;    5;   -999;    50.0;-999;-999;eor
        555;19251101;19251130;    5;   -999;    68.0;-999;-999;eor
        555;19251201;19251231;    5;   -999;   117.0;-999;-999;eor
        555;19260101;19260131;    5;   -999;    86.0;-999;-999;eor
        555;19260201;19260228;    5;   -999;   114.0;-999;-999;eor
        555;19260301;19260331;    5;   -999;    65.0;-999;-999;eor
        555;19260401;19260430;    5;   -999;    33.0;-999;-999;eor
        555;19260501;19260531;    5;   -999;   104.0;-999;-999;eor
        555;19260601;19260630;    5;   -999;    87.0;-999;-999;eor
        555;19260701;19260731;    5;   -999;   141.0;-999;-999;eor
        555;19260801;19260831;    5;   -999;    86.0;-999;-999;eor
        555;19260901;19260930;    5;   -999;    62.0;-999;-999;eor
        555;19261001;19261031;    5;   -999;   160.0;-999;-999;eor
        555;19261101;19261130;    5;   -999;    83.0;-999;-999;eor
        555;19261201;19261231;    5;   -999;    58.0;-999;-999;eor
        555;19270101;19270131;    5;   -999;    51.0;-999;-999;eor
        555;19270201;19270228;    5;   -999;    50.0;-999;-999;eor
        555;19270301;19270331;    5;   -999;    66.0;-999;-999;eor
        555;19270401;19270430;    5;   -999;   103.0;-999;-999;eor
        555;19270501;19270531;    5;   -999;    32.0;-999;-999;eor
        555;19270601;19270630;    5;   -999;    99.0;-999;-999;eor
        555;19270701;19270731;    5;   -999;   135.0;-999;-999;eor
        555;19270801;19270831;    5;   -999;   111.0;-999;-999;eor
        555;19270901;19270930;    5;   -999;    71.0;-999;-999;eor
        555;19271001;19271031;    5;   -999;    21.0;-999;-999;eor
        555;19271101;19271130;    5;   -999;    73.0;-999;-999;eor
        555;19271201;19271231;    5;   -999;    44.0;-999;-999;eor
        555;19280101;19280131;    5;   -999;    74.0;-999;-999;eor
        555;19280201;19280229;    5;   -999;    71.0;-999;-999;eor
        555;19280301;19280331;    5;   -999;    17.0;-999;-999;eor
        555;19280401;19280430;    5;   -999;    59.0;-999;-999;eor
        555;19280501;19280531;    5;   -999;    71.0;-999;-999;eor
        555;19280601;19280630;    5;   -999;   116.0;-999;-999;eor
        555;19280701;19280731;    5;   -999;    70.0;-999;-999;eor
        555;19280801;19280831;    5;   -999;   106.0;-999;-999;eor
        555;19280901;19280930;    5;   -999;    20.0;-999;-999;eor
        555;19281001;19281031;    5;   -999;   101.0;-999;-999;eor
        555;19281101;19281130;    5;   -999;   114.0;-999;-999;eor
        555;19281201;19281231;    5;   -999;    59.0;-999;-999;eor
        555;19290101;19290131;    5;   -999;    19.0;-999;-999;eor
        555;19290201;19290228;    5;   -999;    12.0;-999;-999;eor
        555;19290301;19290331;    5;   -999;     6.0;-999;-999;eor
        555;19290401;19290430;    5;   -999;    46.0;-999;-999;eor
        555;19290501;19290531;    5;   -999;    17.0;-999;-999;eor
        555;19290601;19290630;    5;   -999;    54.0;-999;-999;eor
        555;19290701;19290731;    5;   -999;    38.0;-999;-999;eor
        555;19290801;19290831;    5;   -999;    38.0;-999;-999;eor
        555;19290901;19290930;    5;   -999;    24.0;-999;-999;eor
        555;19291001;19291031;    5;   -999;   134.0;-999;-999;eor
        555;19291101;19291130;    5;   -999;    49.0;-999;-999;eor
        555;19291201;19291231;    5;   -999;    92.0;-999;-999;eor
        555;19300101;19300131;    5;   -999;    47.0;-999;-999;eor
        555;19300201;19300228;    5;   -999;    29.0;-999;-999;eor
        555;19300301;19300331;    5;   -999;    39.0;-999;-999;eor
        555;19300401;19300430;    5;   -999;    56.0;-999;-999;eor
        555;19300501;19300531;    5;   -999;    66.0;-999;-999;eor
        555;19300601;19300630;    5;   -999;    37.0;-999;-999;eor
        555;19300701;19300731;    5;   -999;   115.0;-999;-999;eor
        555;19300801;19300831;    5;   -999;   105.0;-999;-999;eor
        555;19300901;19300930;    5;   -999;    82.0;-999;-999;eor
        555;19301001;19301031;    5;   -999;   113.0;-999;-999;eor
        555;19301101;19301130;    5;   -999;   147.0;-999;-999;eor
        555;19301201;19301231;    5;   -999;    39.0;-999;-999;eor
        555;19310101;19310131;    5;   -999;   104.8;-999;   14.2;eor
        555;19310201;19310228;    5;   -999;    75.9;-999;   15.5;eor
        555;19310301;19310331;    5;   -999;    23.1;-999;    7.0;eor
        555;19310401;19310430;    5;   -999;    75.1;-999;   12.2;eor
        555;19310501;19310531;    5;   -999;    99.0;-999;   46.2;eor
        555;19310601;19310630;    5;   -999;    62.7;-999;   14.2;eor
        555;19310701;19310731;    5;   -999;   119.1;-999;   52.6;eor
        555;19310801;19310831;    5;   -999;   142.5;-999;   29.2;eor
        555;19310901;19310930;    5;   -999;    38.4;-999;    7.5;eor
        555;19311001;19311031;    5;   -999;    40.5;-999;    9.0;eor
        555;19311101;19311130;    5;   -999;    23.6;-999;    8.4;eor
        555;19311201;19311231;    5;   -999;    50.9;-999;    9.5;eor
        555;19320101;19320131;    5;   -999;    58.8;-999;   19.7;eor
        555;19320201;19320229;    5;   -999;    15.5;-999;    4.1;eor
        555;19320301;19320331;    5;   -999;    46.6;-999;   14.2;eor
        555;19320401;19320430;    5;   -999;    85.8;-999;   20.5;eor
        555;19320501;19320531;    5;   -999;    80.4;-999;   31.0;eor
        555;19320601;19320630;    5;   -999;    23.7;-999;    6.6;eor
        555;19320701;19320731;    5;   -999;    48.5;-999;    7.8;eor
        555;19320801;19320831;    5;   -999;    33.7;-999;   10.9;eor
        555;19320901;19320930;    5;   -999;   103.5;-999;   11.8;eor
        555;19321001;19321031;    5;   -999;   153.2;-999;   23.7;eor
        555;19321101;19321130;    5;   -999;    24.1;-999;    4.9;eor
        555;19321201;19321231;    5;   -999;    23.4;-999;    7.3;eor
        555;19330101;19330131;    5;   -999;    23.6;-999;    7.3;eor
        555;19330201;19330228;    5;   -999;    55.2;-999;   15.2;eor
        555;19330301;19330331;    5;   -999;    36.7;-999;   14.6;eor
        555;19330401;19330430;    5;   -999;    23.2;-999;    6.4;eor
        555;19330501;19330531;    5;   -999;    94.3;-999;   36.5;eor
        555;19330601;19330630;    5;   -999;   126.8;-999;   25.4;eor
        555;19330701;19330731;    5;   -999;    57.6;-999;   11.6;eor
        555;19330801;19330831;    5;   -999;    33.2;-999;    8.9;eor
        555;19330901;19330930;    5;   -999;    66.1;-999;   28.0;eor
        555;19331001;19331031;    5;   -999;    66.5;-999;   18.4;eor
        555;19331101;19331130;    5;   -999;    41.3;-999;   13.0;eor
        555;19331201;19331231;    5;   -999;    10.5;-999;    2.9;eor
        555;19340101;19340131;    5;   -999;    75.4;-999;   11.6;eor
        555;19340201;19340228;    5;   -999;     6.0;-999;    4.3;eor
        555;19340301;19340331;    5;   -999;    37.4;-999;    9.0;eor
        555;19340401;19340430;    5;   -999;    78.9;-999;   20.4;eor
        555;19340501;19340531;    5;   -999;    45.4;-999;   17.1;eor
        555;19340601;19340630;    5;   -999;    87.1;-999;   28.1;eor
        555;19340701;19340731;    5;   -999;    70.7;-999;   15.8;eor
        555;19340801;19340831;    5;   -999;    28.1;-999;    7.2;eor
        555;19340901;19340930;    5;   -999;    27.0;-999;    7.9;eor
        555;19341001;19341031;    5;   -999;    71.1;-999;   14.4;eor
        555;19341101;19341130;    5;   -999;    21.6;-999;    3.8;eor
        555;19341201;19341231;    5;   -999;    75.4;-999;   15.5;eor
        555;19350101;19350131;    5;   -999;    70.6;-999;   19.7;eor
        555;19350201;19350228;    5;   -999;    73.4;-999;   11.1;eor
        555;19350301;19350331;    5;   -999;    38.2;-999;   13.7;eor
        555;19350401;19350430;    5;   -999;   109.4;-999;   16.1;eor
        555;19350501;19350531;    5;   -999;    40.7;-999;   14.8;eor
        555;19350601;19350630;    5;   -999;    83.8;-999;   17.4;eor
        555;19350701;19350731;    5;   -999;    31.7;-999;   12.3;eor
        555;19350801;19350831;    5;   -999;    46.6;-999;   12.9;eor
        555;19350901;19350930;    5;   -999;    81.2;-999;   21.7;eor
        555;19351001;19351031;    5;   -999;    86.6;-999;   38.7;eor
        555;19351101;19351130;    5;   -999;    53.5;-999;   15.6;eor
        555;19351201;19351231;    5;   -999;    43.3;-999;   12.8;eor
        555;19360101;19360131;    5;   -999;    97.5;-999;   16.5;eor
        555;19360201;19360229;    5;   -999;    33.4;-999;    5.8;eor
        555;19360301;19360331;    5;   -999;    15.6;-999;    4.3;eor
        555;19360401;19360430;    5;   -999;   143.8;-999;   65.9;eor
        555;19360501;19360531;    5;   -999;    34.4;-999;   12.2;eor
        555;19360601;19360630;    5;   -999;    60.7;-999;   16.9;eor
        555;19360701;19360731;    5;   -999;    89.0;-999;   11.7;eor
        555;19360801;19360831;    5;   -999;   107.6;-999;   51.4;eor
        555;19360901;19360930;    5;   -999;   104.3;-999;   21.6;eor
        555;19361001;19361031;    5;   -999;    54.1;-999;   11.2;eor
        555;19361101;19361130;    5;   -999;    67.4;-999;   22.0;eor
        555;19361201;19361231;    5;   -999;    60.9;-999;   17.3;eor
        555;19370101;19370131;    5;   -999;   117.6;-999;   30.6;eor
        555;19370201;19370228;    5;   -999;   118.4;-999;   13.7;eor
        555;19370301;19370331;    5;   -999;    70.4;-999;   10.0;eor
        555;19370401;19370430;    5;   -999;    83.6;-999;   13.5;eor
        555;19370501;19370531;    5;   -999;    53.0;-999;   13.3;eor
        555;19370601;19370630;    5;   -999;    68.3;-999;   11.7;eor
        555;19370701;19370731;    5;   -999;    53.0;-999;   18.5;eor
        555;19370801;19370831;    5;   -999;    43.0;-999;   20.3;eor
        555;19370901;19370930;    5;   -999;    43.4;-999;   11.1;eor
        555;19371001;19371031;    5;   -999;    13.0;-999;    4.0;eor
        555;19371101;19371130;    5;   -999;    28.1;-999;    6.2;eor
        555;19371201;19371231;    5;   -999;    48.5;-999;   14.3;eor
        555;19380101;19380131;    5;   -999;   136.3;-999;   30.4;eor
        555;19380201;19380228;    5;   -999;    35.2;-999;    8.8;eor
        555;19380301;19380331;    5;   -999;    25.9;-999;    7.9;eor
        555;19380401;19380430;    5;   -999;    74.3;-999;   39.8;eor
        555;19380501;19380531;    5;   -999;    45.2;-999;   11.6;eor
        555;19380601;19380630;    5;   -999;    36.6;-999;   15.5;eor
        555;19380701;19380731;    5;   -999;    47.3;-999;   13.2;eor
        555;19380801;19380831;    5;   -999;   132.0;-999;   23.2;eor
        555;19380901;19380930;    5;   -999;    60.7;-999;   18.3;eor
        555;19381001;19381031;    5;   -999;    61.5;-999;   12.3;eor
        555;19381101;19381130;    5;   -999;    63.5;-999;   15.5;eor
        555;19381201;19381231;    5;   -999;    47.6;-999;    7.4;eor
        555;19390101;19390131;    5;   -999;    87.2;-999;   19.2;eor
        555;19390201;19390228;    5;   -999;    36.2;-999;    9.5;eor
        555;19390301;19390331;    5;   -999;    71.5;-999;   12.7;eor
        555;19390401;19390430;    5;   -999;    52.1;-999;   12.3;eor
        555;19390501;19390531;    5;   -999;    39.2;-999;   13.6;eor
        555;19390601;19390630;    5;   -999;    52.6;-999;   18.2;eor
        555;19390701;19390731;    5;   -999;   119.6;-999;   35.1;eor
        555;19390801;19390831;    5;   -999;    68.1;-999;   12.8;eor
        555;19390901;19390930;    5;   -999;    60.7;-999;   26.5;eor
        555;19391001;19391031;    5;   -999;    98.7;-999;   16.5;eor
        555;19391101;19391130;    5;   -999;   140.5;-999;   35.6;eor
        555;19391201;19391231;    5;   -999;    29.3;-999;    5.8;eor
        555;19400101;19400131;    5;   -999;    34.5;    341;   18.7;eor
        555;19400201;19400229;    5;   -999;    33.4;    188;    6.2;eor
        555;19400301;19400331;    5;   -999;   104.1;     15;   23.7;eor
        555;19400401;19400430;    5;   -999;    43.1;      0;    8.8;eor
        555;19400501;19400531;    5;   -999;    47.1;      0;   13.6;eor
        555;19400601;19400630;    5;   -999;    88.1;      0;   31.3;eor
        555;19400701;19400731;    5;   -999;    96.7;      0;   22.6;eor
        555;19400801;19400831;    5;   -999;    48.7;      0;   17.1;eor
        555;19400901;19400930;    5;   -999;    63.5;      0;   23.5;eor
        555;19401001;19401031;    5;   -999;    36.2;      0;    9.7;eor
        555;19401101;19401130;    5;   -999;   178.3;      0;   61.8;eor
        555;19401201;19401231;    5;   -999;   119.5;      4;   35.0;eor
        555;19410101;19410131;    5;   -999;    35.2;     42;   13.8;eor
        555;19410201;19410228;    5;   -999;    56.4;     47;   13.6;eor
        555;19410301;19410331;    5;   -999;    67.3;      0;   18.5;eor
        555;19410401;19410430;    5;   -999;    21.6;      0;    7.7;eor
        555;19410501;19410531;    5;   -999;    52.6;      0;   28.6;eor
        555;19410601;19410630;    5;   -999;    40.0;      0;   18.3;eor
        555;19410701;19410731;    5;   -999;    31.9;      0;   11.9;eor
        555;19410801;19410831;    5;   -999;   145.4;      0;   23.2;eor
        555;19410901;19410930;    5;   -999;    46.6;      0;   11.1;eor
        555;19411001;19411031;    5;   -999;   126.4;      0;   23.6;eor
        555;19411101;19411130;    5;   -999;    29.6;      5;    6.8;eor
        555;19411201;19411231;    5;   -999;   103.0;     23;   21.5;eor
        555;19420101;19420131;    5;   -999;    41.8;    168;   12.3;eor
        555;19420201;19420228;    5;   -999;    23.1;    278;    6.1;eor
        555;19420301;19420331;    5;   -999;    54.6;      1;   17.1;eor
        555;19420401;19420430;    5;   -999;    25.0;      0;    4.0;eor
        555;19420501;19420531;    5;   -999;    83.5;      0;   17.6;eor
        555;19420601;19420630;    5;   -999;    38.4;      0;   10.3;eor
        555;19420701;19420731;    5;   -999;   114.7;      0;   20.3;eor
        555;19420801;19420831;    5;   -999;    14.8;      0;    4.3;eor
        555;19420901;19420930;    5;   -999;    43.6;      0;   18.2;eor
        555;19421001;19421031;    5;   -999;    64.6;      0;   10.8;eor
        555;19421101;19421130;    5;   -999;    53.4;      0;   10.1;eor
        555;19421201;19421231;    5;   -999;    42.4;      4;    9.6;eor
        555;19430101;19430131;    5;   -999;    52.5;     18;   13.2;eor
        555;19430201;19430228;    5;   -999;    42.5;      0;   11.4;eor
        555;19430301;19430331;    5;   -999;    30.0;      0;   10.5;eor
        555;19430401;19430430;    5;   -999;    49.2;      0;   13.0;eor
        555;19430501;19430531;    5;   -999;    60.9;      0;   14.9;eor
        555;19430601;19430630;    5;   -999;    74.4;      0;   11.5;eor
        555;19430701;19430731;    5;   -999;    39.8;      0;    9.9;eor
        555;19430801;19430831;    5;   -999;   131.2;      0;   29.6;eor
        555;19430901;19430930;    5;   -999;    46.5;      0;   12.8;eor
        555;19431001;19431031;    5;   -999;    19.0;      0;    6.4;eor
        555;19431101;19431130;    5;   -999;    83.3;      0;   15.5;eor
        555;19431201;19431231;    5;   -999;    38.4;      0;   20.5;eor
        555;19440101;19440131;    5;   -999;   107.7;      0;   23.8;eor
        555;19440201;19440229;    5;   -999;    45.8;     15;   10.6;eor
        555;19440301;19440331;    5;   -999;    57.9;      8;   14.5;eor
        555;19440401;19440430;    5;   -999;    20.4;      0;    4.6;eor
        555;19440501;19440531;    5;   -999;    58.5;      0;   15.7;eor
        555;19440601;19440630;    5;   -999;   137.0;      0;   27.7;eor
        555;19440701;19440731;    5;   -999;   125.0;      0;   26.1;eor
        555;19440801;19440831;    5;   -999;    13.1;      0;    4.8;eor
        555;19440901;19440930;    5;   -999;    45.7;      0;   12.5;eor
        555;19441001;19441031;    5;   -999;    75.8;      0;   11.7;eor
        555;19441101;19441130;    5;   -999;   130.3;      0;   19.0;eor
        555;19441201;19441231;    5;   -999;    85.0;      3;   18.8;eor
        555;19450101;19450131;    5;   -999;    52.9;    316;    8.9;eor
        555;19450201;19450228;    5;   -999;    80.6;      0;   13.1;eor
        555;19450301;19450331;    5;   -999;    22.3;      0;    2.9;eor
        555;19450401;19450430;    5;   -999;    78.8;      0;   18.9;eor
        555;19450501;19450531;    5;   -999;    73.4;      0;   16.1;eor
        555;19450601;19450630;    5;   -999;    96.9;      0;   26.5;eor
        555;19450701;19450731;    5;   -999;    74.7;      0;   22.5;eor
        555;19450801;19450831;    5;   -999;   150.5;      0;   35.9;eor
        555;19450901;19450930;    5;   -999;    31.3;      0;    7.1;eor
        555;19451001;19451031;    5;   -999;    44.2;      0;   11.7;eor
        555;19451101;19451130;    5;   -999;    47.6;      0;   15.6;eor
        555;19451201;19451231;    5;   -999;    49.6;      0;   13.1;eor
        555;19460101;19460131;    5;   -999;    39.1;      0;    9.7;eor
        555;19460201;19460228;    5;   -999;   169.3;      6;   24.1;eor
        555;19460301;19460331;    5;   -999;    31.1;     22;   13.6;eor
        555;19460401;19460430;    5;   -999;    16.7;      0;    6.1;eor
        555;19460501;19460531;    5;   -999;    54.6;      0;   12.2;eor
        555;19460601;19460630;    5;   -999;   110.9;      0;   15.4;eor
        555;19460701;19460731;    5;   -999;    62.5;      0;   23.7;eor
        555;19460801;19460831;    5;   -999;    88.1;      0;   16.7;eor
        555;19460901;19460930;    5;   -999;    72.3;      0;   21.4;eor
        555;19461001;19461031;    5;   -999;    31.3;      0;    9.7;eor
        555;19461101;19461130;    5;   -999;    49.0;      0;    8.9;eor
        555;19461201;19461231;    5;   -999;    39.3;      0;    9.2;eor
        555;19470101;19470131;    5;   -999;    22.7;     31;    4.7;eor
        555;19470201;19470228;    5;   -999;    24.3;    102;    7.1;eor
        555;19470301;19470331;    5;   -999;    80.2;     70;   16.7;eor
        555;19470401;19470430;    5;   -999;    69.4;      0;   13.0;eor
        555;19470501;19470531;    5;   -999;    53.7;      0;   16.5;eor
        555;19470601;19470630;    5;   -999;    57.3;      0;    7.5;eor
        555;19470701;19470731;    5;   -999;    30.4;      0;   10.4;eor
        555;19470801;19470831;    5;   -999;    25.7;      0;    9.4;eor
        555;19470901;19470930;    5;   -999;    33.1;      0;    8.0;eor
        555;19471001;19471031;    5;   -999;     7.2;      0;    3.8;eor
        555;19471101;19471130;    5;   -999;   100.9;      2;   15.3;eor
        555;19471201;19471231;    5;   -999;   109.4;      5;   20.7;eor
        555;19480101;19480131;    5;   -999;   127.8;      0;   20.9;eor
        555;19480201;19480229;    5;   -999;    74.3;      4;   15.0;eor
        555;19480301;19480331;    5;   -999;    26.1;      0;   10.8;eor
        555;19480401;19480430;    5;   -999;    66.1;      0;   13.1;eor
        555;19480501;19480531;    5;   -999;    56.7;      0;   13.8;eor
        555;19480601;19480630;    5;   -999;    85.5;      0;   14.0;eor
        555;19480701;19480731;    5;   -999;   175.7;      0;   27.2;eor
        555;19480801;19480831;    5;   -999;    77.1;      0;   14.6;eor
        555;19480901;19480930;    5;   -999;    41.8;      0;   13.6;eor
        555;19481001;19481031;    5;   -999;    32.1;      0;    7.5;eor
        555;19481101;19481130;    5;   -999;    31.8;      0;    9.8;eor
        555;19481201;19481231;    5;   -999;    29.1;      0;    6.4;eor
        555;19490101;19490131;    5;   -999;    21.7;      3;    3.1;eor
        555;19490201;19490228;    5;   -999;    45.0;      0;   12.0;eor
        555;19490301;19490331;    5;   -999;    41.0;     15;   11.5;eor
        555;19490401;19490430;    5;   -999;    28.5;      1;    8.4;eor
        555;19490501;19490531;    5;   -999;    48.5;      0;   10.9;eor
        555;19490601;19490630;    5;   -999;   116.4;      0;   46.3;eor
        555;19490701;19490731;    5;   -999;    45.6;      0;   25.7;eor
        555;19490801;19490831;    5;   -999;    59.2;      0;   15.8;eor
        555;19490901;19490930;    5;   -999;   105.9;      0;   68.0;eor
        555;19491001;19491031;    5;   -999;    34.7;      0;   12.7;eor
        555;19491101;19491130;    5;   -999;    92.4;      0;   34.0;eor
        555;19491201;19491231;    5;   -999;    94.6;      0;   30.3;eor
        555;19500101;19500131;    5;   -999;    41.5;      1;   10.1;eor
        555;19500201;19500228;    5;   -999;    91.1;      8;   18.1;eor
        555;19500301;19500331;    5;   -999;    15.7;      0;    8.3;eor
        555;19500401;19500430;    5;   -999;    91.1;      0;   11.6;eor
        555;19500501;19500531;    5;   -999;    70.3;      0;   11.8;eor
        555;19500601;19500630;    5;   -999;    64.1;      0;   20.9;eor
        555;19500701;19500731;    5;   -999;    87.2;      0;   22.1;eor
        555;19500801;19500831;    5;   -999;    62.9;      0;   12.7;eor
        555;19500901;19500930;    5;   -999;    73.8;      0;   10.1;eor
        555;19501001;19501031;    5;   -999;    42.2;      1;   11.1;eor
        555;19501101;19501130;    5;   -999;   112.3;      0;   18.5;eor
        555;19501201;19501231;    5;   -999;    62.0;     50;   12.0;eor
        555;19510101;19510131;    5;   -999;    89.0;     10;   18.0;eor
        555;19510201;19510228;    5;   -999;    52.0;      0;   10.9;eor
        555;19510301;19510331;    5;   -999;    75.4;      3;   16.1;eor
        555;19510401;19510430;    5;   -999;    54.7;      0;    9.5;eor
        555;19510501;19510531;    5;   -999;    80.0;      0;   20.8;eor
        555;19510601;19510630;    5;   -999;   110.5;      0;   19.4;eor
        555;19510701;19510731;    5;   -999;    63.2;      0;   11.7;eor
        555;19510801;19510831;    5;   -999;    84.8;      0;   17.8;eor
        555;19510901;19510930;    5;   -999;    64.9;      0;   24.0;eor
        555;19511001;19511031;    5;   -999;    15.0;      0;    8.4;eor
        555;19511101;19511130;    5;   -999;    98.6;      0;   15.6;eor
        555;19511201;19511231;    5;   -999;    71.3;      0;   24.7;eor
        555;19520101;19520131;    5;   -999;   140.2;     19;   36.8;eor
        555;19520201;19520229;    5;   -999;    59.5;      3;   26.5;eor
        555;19520301;19520331;    5;   -999;    55.0;     13;   13.5;eor
        555;19520401;19520430;    5;   -999;    20.6;      0;    7.3;eor
        555;19520501;19520531;    5;   -999;    43.4;      0;   12.0;eor
        555;19520601;19520630;    5;   -999;    83.3;      0;   25.5;eor
        555;19520701;19520731;    5;   -999;    86.4;      0;   39.8;eor
        555;19520801;19520831;    5;   -999;   141.0;      0;   26.6;eor
        555;19520901;19520930;    5;   -999;    94.8;      0;   23.8;eor
        555;19521001;19521031;    5;   -999;    56.2;      0;    9.2;eor
        555;19521101;19521130;    5;   -999;   108.2;      2;   30.3;eor
        555;19521201;19521231;    5;   -999;    82.9;      5;   19.8;eor
        555;19530101;19530131;    5;   -999;    63.1;     21;   32.8;eor
        555;19530201;19530228;    5;   -999;    55.1;     32;    9.6;eor
        555;19530301;19530331;    5;   -999;    20.3;      0;    7.3;eor
        555;19530401;19530430;    5;   -999;    60.6;      0;   24.9;eor
        555;19530501;19530531;    5;   -999;    47.9;      0;   14.9;eor
        555;19530601;19530630;    5;   -999;   103.0;      0;   18.5;eor
        555;19530701;19530731;    5;   -999;   140.6;      0;   25.6;eor
        555;19530801;19530831;    5;   -999;    51.6;      0;   11.5;eor
        555;19530901;19530930;    5;   -999;    30.2;      0;    9.5;eor
        555;19531001;19531031;    5;   -999;    18.6;      0;    6.1;eor
        555;19531101;19531130;    5;   -999;     7.0;      0;    1.8;eor
        555;19531201;19531231;    5;   -999;    48.1;      1;    9.9;eor
        555;19540101;19540131;    5;   -999;    90.2;     48;   25.3;eor
        555;19540201;19540228;    5;   -999;    41.1;     17;    9.4;eor
        555;19540301;19540331;    5;   -999;    44.7;      2;    9.1;eor
        555;19540401;19540430;    5;   -999;    29.0;      0;    8.3;eor
        555;19540501;19540531;    5;   -999;    68.6;      0;   31.4;eor
        555;19540601;19540630;    5;   -999;    67.4;      0;   10.0;eor
        555;19540701;19540731;    5;   -999;   141.3;      0;   31.9;eor
        555;19540801;19540831;    5;   -999;   126.3;      0;   39.7;eor
        555;19540901;19540930;    5;   -999;    79.1;      0;   15.4;eor
        555;19541001;19541031;    5;   -999;    98.8;      0;   19.8;eor
        555;19541101;19541130;    5;   -999;    38.8;      0;    8.5;eor
        555;19541201;19541231;    5;   -999;    92.0;      0;   21.8;eor
        555;19550101;19550131;    5;   -999;    76.5;     84;   15.0;eor
        555;19550201;19550228;    5;   -999;    64.0;     91;    9.4;eor
        555;19550301;19550331;    5;   -999;    66.2;     66;   17.2;eor
        555;19550401;19550430;    5;   -999;    38.6;      0;   11.6;eor
        555;19550501;19550531;    5;   -999;   106.3;      0;   19.1;eor
        555;19550601;19550630;    5;   -999;    64.7;      0;   17.6;eor
        555;19550701;19550731;    5;   -999;    54.4;      0;   16.0;eor
        555;19550801;19550831;    5;   -999;    72.1;      0;   20.2;eor
        555;19550901;19550930;    5;   -999;    76.2;      0;   17.5;eor
        555;19551001;19551031;    5;   -999;    42.2;      0;   11.0;eor
        555;19551101;19551130;    5;   -999;    20.4;      0;    3.1;eor
        555;19551201;19551231;    5;   -999;    86.4;      2;   13.0;eor
        555;19560101;19560131;    5;   -999;    88.7;      9;   18.1;eor
        555;19560201;19560229;    5;   -999;    25.7;    168;    8.8;eor
        555;19560301;19560331;    5;   -999;    60.1;      0;   18.1;eor
        555;19560401;19560430;    5;   -999;    49.9;      0;   15.7;eor
        555;19560501;19560531;    5;   -999;    49.9;      0;    8.7;eor
        555;19560601;19560630;    5;   -999;   121.6;      0;   23.9;eor
        555;19560701;19560731;    5;   -999;   134.3;      0;   30.0;eor
        555;19560801;19560831;    5;   -999;   144.1;      0;   29.6;eor
        555;19560901;19560930;    5;   -999;   164.7;      0;   56.3;eor
        555;19561001;19561031;    5;   -999;    90.7;      0;   14.0;eor
        555;19561101;19561130;    5;   -999;    58.0;      1;   16.8;eor
        555;19561201;19561231;    5;   -999;    54.1;      1;   12.7;eor
        555;19570101;19570131;    5;   -999;    65.8;      0;   12.1;eor
        555;19570201;19570228;    5;   -999;   108.0;      0;   22.5;eor
        555;19570301;19570331;    5;   -999;    77.6;      0;   17.3;eor
        555;19570401;19570430;    5;   -999;     6.7;      0;    2.4;eor
        555;19570501;19570531;    5;   -999;    64.4;      0;   13.4;eor
        555;19570601;19570630;    5;   -999;    51.0;      0;   11.6;eor
        555;19570701;19570731;    5;   -999;   104.0;      0;   25.2;eor
        555;19570801;19570831;    5;   -999;    99.1;      0;   19.7;eor
        555;19570901;19570930;    5;   -999;   175.3;      0;   17.9;eor
        555;19571001;19571031;    5;   -999;    35.6;      0;    5.4;eor
        555;19571101;19571130;    5;   -999;    42.1;      0;   10.8;eor
        555;19571201;19571231;    5;   -999;    55.5;     27;   14.8;eor
        555;19580101;19580131;    5;   -999;    83.1;     15;   14.9;eor
        555;19580201;19580228;    5;   -999;   125.4;     34;   27.4;eor
        555;19580301;19580331;    5;   -999;    27.4;     25;    9.0;eor
        555;19580401;19580430;    5;   -999;    38.9;      0;   19.9;eor
        555;19580501;19580531;    5;   -999;   115.4;      0;   24.4;eor
        555;19580601;19580630;    5;   -999;    72.4;      0;   20.1;eor
        555;19580701;19580731;    5;   -999;   121.3;      0;   33.1;eor
        555;19580801;19580831;    5;   -999;   118.6;      0;   20.9;eor
        555;19580901;19580930;    5;   -999;    60.9;      0;   26.8;eor
        555;19581001;19581031;    5;   -999;    75.9;      0;   17.8;eor
        555;19581101;19581130;    5;   -999;    34.0;      0;    7.7;eor
        555;19581201;19581231;    5;   -999;    79.5;      2;   11.0;eor
        555;19590101;19590131;    5;   -999;    78.1;     88;   15.0;eor
        555;19590201;19590228;    5;   -999;     8.1;      0;    7.5;eor
        555;19590301;19590331;    5;   -999;    33.0;      0;    8.8;eor
        555;19590401;19590430;    5;   -999;    32.2;      0;    9.2;eor
        555;19590501;19590531;    5;   -999;    37.0;      0;   12.9;eor
        555;19590601;19590630;    5;   -999;    74.8;      0;   40.1;eor
        555;19590701;19590731;    5;   -999;    68.1;      0;   29.6;eor
        555;19590801;19590831;    5;   -999;    32.1;      0;    8.6;eor
        555;19590901;19590930;    5;   -999;     4.0;      0;    2.8;eor
        555;19591001;19591031;    5;   -999;    56.1;      0;   18.8;eor
        555;19591101;19591130;    5;   -999;    22.3;-999;    4.7;eor
        555;19591201;19591231;    5;   -999;    61.6;-999;   10.2;eor
        555;19600101;19600131;    5;   -999;    57.4;-999;    8.9;eor
        555;19600201;19600229;    5;   -999;    17.1;-999;    2.7;eor
        555;19600301;19600331;    5;   -999;    17.2;-999;    4.3;eor
        555;19600401;19600430;    5;   -999;    46.7;-999;    8.0;eor
        555;19600501;19600531;    5;   -999;    82.5;-999;   52.1;eor
        555;19600601;19600630;    5;   -999;    33.8;-999;   11.4;eor
        555;19600701;19600731;    5;   -999;   115.1;-999;   33.5;eor
        555;19600801;19600831;    5;   -999;   157.2;-999;   26.3;eor
        555;19600901;19600930;    5;   -999;    67.9;-999;   19.9;eor
        555;19601001;19601031;    5;   -999;   169.7;-999;   25.2;eor
        555;19601101;19601130;    5;   -999;   122.5;-999;   23.2;eor
        555;19601201;19601230;-999;-999;-999;-999;   32.2;eor
        555;19790101;19790131;    5;     22;    36.9;    272;    8.7;eor
        555;19790201;19790228;    5;     16;    61.1;     85;   21.2;eor
        555;19790301;19790331;    5;      0;   129.4;      0;   20.9;eor
        555;19790401;19790430;    5;      1;    56.9;      1;    8.1;eor
        555;19790501;19790531;    5;      0;    70.5;      0;   11.3;eor
        555;19790601;19790630;    5;      0;    62.9;      0;   13.8;eor
        555;19790701;19790731;    5;      0;    89.2;      0;   40.9;eor
        555;19790801;19790831;    5;      0;   106.6;      0;   31.7;eor
        555;19790901;19790930;    5;      0;    34.2;      0;   13.7;eor
        555;19791001;19791031;    5;      0;    20.1;      0;   11.8;eor
        555;19791101;19791130;    5;      0;    81.3;      0;   17.9;eor
        555;19791201;19791231;    5;      0;   102.8;      0;   19.2;eor
        555;19800101;19800131;    5;     11;    46.7;     19;   10.3;eor
        555;19800201;19800229;    5;      0;    55.1;      0;   31.2;eor
        555;19800301;19800331;    5;      0;    46.4;      0;    7.7;eor
        555;19800401;19800430;    5;      0;    50.3;      0;   10.2;eor
        555;19800501;19800531;    5;      0;    25.4;      0;   16.4;eor
        555;19800601;19800630;    5;      0;    88.0;      0;   21.4;eor
        555;19800701;19800731;    5;      0;   168.1;      0;   58.1;eor
        555;19800801;19800831;    5;      0;    69.4;      0;   16.6;eor
        555;19800901;19800930;    5;      0;    55.2;      0;   26.6;eor
        555;19801001;19801031;    5;      0;    44.2;      0;   12.4;eor
        555;19801101;19801130;    5;     12;    53.3;     31;    8.9;eor
        555;19801201;19801231;    5;     13;    60.3;     21;    8.7;eor
        555;19810101;19810131;   10;     34;   108.9;     67;   24.9;eor
        555;19810201;19810228;   10;      6;    33.9;      9;    7.9;eor
        555;19810301;19810331;   10;      0;   108.8;      0;   26.6;eor
        555;19810401;19810430;   10;      0;    21.4;      0;   11.1;eor
        555;19810501;19810531;   10;      0;    52.3;      0;    8.7;eor
        555;19810601;19810630;   10;      0;   119.5;      0;   56.3;eor
        555;19810701;19810731;   10;      0;    77.7;      0;   26.3;eor
        555;19810801;19810831;   10;      0;    56.6;      0;   18.0;eor
        555;19810901;19810930;   10;      0;    64.8;      0;   16.4;eor
        555;19811001;19811031;   10;      0;   130.8;      0;   15.0;eor
        555;19811101;19811130;   10;      0;   110.1;      0;   17.7;eor
        555;19811201;19811231;   10;     20;    89.3;    125;   21.9;eor
        555;19820101;19820131;   10;      8;    58.4;     38;   12.0;eor
        555;19820201;19820228;   10;      0;    19.2;      0;   13.2;eor
        555;19820301;19820331;   10;      0;    57.4;      0;   12.3;eor
        555;19820401;19820430;   10;      0;    28.1;      0;    4.3;eor
        555;19820501;19820531;   10;      0;    77.5;      0;   17.9;eor
        555;19820601;19820630;   10;      0;   122.7;      0;   26.2;eor
        555;19820701;19820731;   10;      0;    26.2;      0;   10.2;eor
        555;19820801;19820831;   10;      0;   135.0;      0;   68.2;eor
        555;19820901;19820930;   10;      0;    33.5;      0;   14.3;eor
        555;19821001;19821031;   10;      0;    79.7;      0;   31.7;eor
        555;19821101;19821130;   10;      0;    49.7;      0;    7.3;eor
        555;19821201;19821231;   10;      0;    63.0;      0;   11.2;eor
        555;19830101;19830131;   10;      0;   103.6;      0;   14.5;eor
        555;19830201;19830228;   10;      0;    40.9;      0;    9.9;eor
        555;19830301;19830331;   10;      0;    70.4;      0;   10.8;eor
        555;19830401;19830430;   10;      0;    63.4;      0;   13.5;eor
        555;19830501;19830531;   10;      0;   119.1;      0;   14.9;eor
        555;19830601;19830630;   10;      0;    58.2;      0;   16.9;eor
        555;19830701;19830731;   10;      0;    19.3;      0;    7.2;eor
        555;19830801;19830831;   10;      0;    27.0;      0;   18.7;eor
        555;19830901;19830930;   10;      0;    55.4;      0;    8.4;eor
        555;19831001;19831031;   10;      0;    29.7;      0;    9.4;eor
        555;19831101;19831130;   10;      1;    58.0;      1;   25.0;eor
        555;19831201;19831231;   10;      3;    50.5;      5;    8.5;eor
        555;19840101;19840131;   10;      8;   121.0;     22;   17.9;eor
        555;19840201;19840229;   10;      0;    69.4;      0;   39.1;eor
        555;19840301;19840331;   10;      1;    17.3;      1;    5.7;eor
        555;19840401;19840430;   10;      0;    42.4;      0;    5.3;eor
        555;19840501;19840531;   10;      0;   188.2;      0;   48.5;eor
        555;19840601;19840630;   10;      0;    54.3;      0;   15.9;eor
        555;19840701;19840731;   10;      0;    94.8;      0;   23.1;eor
        555;19840801;19840831;   10;      0;    48.4;      0;   22.5;eor
        555;19840901;19840930;   10;      0;   139.1;      0;   20.4;eor
        555;19841001;19841031;   10;      0;   110.0;      0;   21.4;eor
        555;19841101;19841130;   10;      0;    33.0;      0;   13.6;eor
        555;19841201;19841231;   10;      0;    33.8;      0;    9.1;eor
        555;19850101;19850131;   10;     45;    69.4;    312;   11.2;eor
        555;19850201;19850228;   10;     10;    16.3;     78;    8.2;eor
        555;19850301;19850331;   10;      9;    62.1;     11;    7.9;eor
        555;19850401;19850430;   10;      0;    82.4;      0;   12.9;eor
        555;19850501;19850531;   10;      0;    67.4;      0;   12.1;eor
        555;19850601;19850630;   10;      0;   145.8;      0;   18.8;eor
        555;19850701;19850731;   10;      0;   132.5;      0;   49.2;eor
        555;19850801;19850831;   10;      0;    91.3;      0;   17.2;eor
        555;19850901;19850930;   10;      0;    56.1;      0;   10.7;eor
        555;19851001;19851031;   10;      0;    16.5;      0;    4.6;eor
        555;19851101;19851130;   10;     10;    62.1;     51;   12.4;eor
        555;19851201;19851231;   10;      7;    83.7;     28;   16.8;eor
        555;19860101;19860131;   10;     10;   130.9;     25;   25.7;eor
        555;19860201;19860228;   10;     12;     7.8;     53;    2.1;eor
        555;19860301;19860331;   10;      0;    96.2;      0;   21.0;eor
        555;19860401;19860430;   10;      5;   112.3;      5;   16.2;eor
        555;19860501;19860531;   10;      0;    65.4;      0;   19.7;eor
        555;19860601;19860630;   10;      0;    93.1;      0;   33.1;eor
        555;19860701;19860731;   10;      0;    48.9;      0;   12.2;eor
        555;19860801;19860831;   10;      0;    39.9;      0;   15.8;eor
        555;19860901;19860930;   10;      0;    53.3;      0;   22.6;eor
        555;19861001;19861031;   10;      0;    94.9;      0;   25.3;eor
        555;19861101;19861130;   10;      0;    57.0;      0;   18.2;eor
        555;19861201;19861231;   10;      6;   120.9;      8;   16.7;eor
        555;19870101;19870131;   10;     21;    57.0;    114;   18.0;eor
        555;19870201;19870228;   10;      8;    43.9;     25;   10.7;eor
        555;19870301;19870331;   10;      6;    99.2;      8;   20.8;eor
        555;19870401;19870430;   10;      0;    36.2;      0;    7.6;eor
        555;19870501;19870531;   10;      0;    87.1;      0;   13.6;eor
        555;19870601;19870630;   10;      0;   122.2;      0;   12.3;eor
        555;19870701;19870731;   10;      0;    83.7;      0;   22.3;eor
        555;19870801;19870831;   10;      0;    62.0;      0;   13.2;eor
        555;19870901;19870930;   10;      0;   104.1;      0;   35.6;eor
        555;19871001;19871031;   10;      0;    56.3;      0;   14.8;eor
        555;19871101;19871130;   10;      0;   102.4;      0;   20.4;eor
        555;19871201;19871231;   10;      0;    53.4;      0;   19.7;eor
        555;19880101;19880131;   10;      0;    78.9;      0;   11.1;eor
        555;19880201;19880229;   10;      1;    80.1;      1;   16.2;eor
        555;19880301;19880331;   10;     12;   138.1;     13;   15.2;eor
        555;19880401;19880430;   10;      0;    17.7;      0;    4.3;eor
        555;19880501;19880531;   10;      0;    37.8;      0;   12.1;eor
        555;19880601;19880630;   10;      0;    46.5;      0;   14.8;eor
        555;19880701;19880731;   10;      0;   110.0;      0;   19.9;eor
        555;19880801;19880831;   10;      0;    59.0;      0;   15.9;eor
        555;19880901;19880930;   10;      0;   104.3;      0;   25.8;eor
        555;19881001;19881031;   10;      0;    54.8;      0;   16.4;eor
        555;19881101;19881130;   10;      0;    67.2;      0;   37.6;eor
        555;19881201;19881231;   10;      0;    93.6;      0;   21.3;eor
        555;19890101;19890131;   10;      0;    33.8;      0;   12.4;eor
        555;19890201;19890228;   10;      0;    66.3;      0;   11.4;eor
        555;19890301;19890331;   10;      0;    90.2;      0;   17.4;eor
        555;19890401;19890430;   10;      0;    74.5;      0;   14.3;eor
        555;19890501;19890531;   10;      0;    10.5;      0;    6.4;eor
        555;19890601;19890630;   10;      0;    69.2;      0;   11.4;eor
        555;19890701;19890731;   10;      0;    72.7;      0;   27.4;eor
        555;19890801;19890831;   10;      0;    33.1;      0;    8.8;eor
        555;19890901;19890930;   10;      0;    46.8;      0;   13.6;eor
        555;19891001;19891031;   10;      0;    62.6;      0;   10.4;eor
        555;19891101;19891130;   10;      0;    30.2;      0;    9.0;eor
        555;19891201;19891231;   10;      0;    94.5;      0;   18.7;eor
        555;19900101;19900131;   10;      0;    63.1;      0;   33.2;eor
        555;19900201;19900228;   10;      1;   111.1;      1;   17.9;eor
        555;19900301;19900331;   10;      0;    31.7;      0;    7.5;eor
        555;19900401;19900430;   10;      0;    44.5;      0;    8.7;eor
        555;19900501;19900531;   10;      0;    21.2;      0;    5.4;eor
        555;19900601;19900630;   10;      0;   122.5;      0;   30.0;eor
        555;19900701;19900731;   10;      0;    57.1;      0;   15.4;eor
        555;19900801;19900831;   10;      0;    66.3;      0;   27.8;eor
        555;19900901;19900930;   10;      0;    75.5;      0;    9.5;eor
        555;19901001;19901031;   10;      0;    27.6;      0;   13.4;eor
        555;19901101;19901130;   10;      0;    76.6;      0;   18.7;eor
        555;19901201;19901231;   10;      0;    96.0;      0;   21.4;eor
        555;19910101;19910131;    9;      0;    59.9;      0;    9.9;eor
        555;19910201;19910228;    9;     20;    25.4;    113;   11.6;eor
        555;19910301;19910331;    9;      0;    21.2;      0;   13.6;eor
        555;19910401;19910430;    9;      0;    28.2;      0;    5.9;eor
        555;19910501;19910531;    9;      0;    33.2;      0;    9.0;eor
        555;19910601;19910630;    9;      0;    73.6;      0;   24.6;eor
        555;19910701;19910731;    9;      0;    59.8;      0;   14.4;eor
        555;19910801;19910831;    9;      0;    79.9;      0;   33.1;eor
        555;19910901;19910930;    9;      0;    52.6;      0;   17.6;eor
        555;19911001;19911031;    9;      0;    25.7;      0;    6.3;eor
        555;19911101;19911130;    9;      0;   104.1;      0;   14.3;eor
        555;19911201;19911231;    9;      0;    91.8;      0;   32.3;eor
        555;19920101;19920131;    9;      0;    29.1;      0;    8.8;eor
        555;19920201;19920229;    9;      0;    40.3;      0;    7.8;eor
        555;19920301;19920331;    9;      0;    87.1;      0;   17.3;eor
        555;19920401;19920430;    9;      0;    54.9;      0;   17.2;eor
        555;19920501;19920531;    9;      0;    44.0;      0;    9.8;eor
        555;19920601;19920630;    9;      0;   101.2;      0;   27.3;eor
        555;19920701;19920731;    9;      0;    71.8;      0;   19.2;eor
        555;19920801;19920831;    9;   -999;   121.1;-999;   28.8;eor
        555;19920901;19920930;    9;   -999;    64.9;-999;   25.0;eor
        555;19921001;19921031;    9;   -999;    79.4;-999;   20.0;eor
        555;19921101;19921130;    9;   -999;   109.8;-999;   27.8;eor
        555;19921201;19921231;    9;   -999;    55.2;-999;   10.9;eor
        555;19930101;19930131;    9;   -999;   115.3;-999;   29.1;eor
        555;19930201;19930228;    9;   -999;    27.3;-999;   10.0;eor
        555;19930301;19930331;    9;   -999;     6.8;-999;    2.7;eor
        555;19930401;19930430;    9;   -999;    52.5;-999;   14.3;eor
        555;19930501;19930531;    9;   -999;    64.5;-999;   16.5;eor
        555;19930601;19930630;    9;   -999;    29.4;-999;   16.7;eor
        555;19930701;19930731;    9;   -999;   153.4;-999;   23.2;eor
        555;19930801;19930831;    9;   -999;    38.5;-999;   10.8;eor
        555;19930901;19930930;    9;   -999;   153.4;-999;   39.3;eor
        555;19931001;19931031;    9;   -999;    87.5;-999;   22.8;eor
        555;19931101;19931130;    9;   -999;    42.7;-999;   21.9;eor
        555;19931201;19931231;    9;   -999;   179.6;-999;   18.3;eor
        555;19940101;19940131;    9;   -999;    94.9;-999;   12.1;eor
        555;19940201;19940228;    9;   -999;    20.5;-999;    5.5;eor
        555;19940301;19940331;    9;   -999;   117.4;-999;   25.2;eor
        555;19940401;19940430;    9;   -999;    51.2;-999;   13.1;eor
        555;20080101;20080131;    9;      0;    91.8;      0;   19.0;eor
        555;20080201;20080229;    9;      1;    48.9;      1;   16.8;eor
        555;20080301;20080331;    9;      3;    76.3;      3;   15.6;eor
        555;20080401;20080430;    9;      0;    67.3;      0;   16.5;eor
        555;20080501;20080531;    9;      0;    45.8;      0;   10.1;eor
        555;20080601;20080630;    9;      0;    62.7;      0;   18.3;eor
        555;20080701;20080731;    9;      0;   114.7;      0;   18.1;eor
        555;20080801;20080831;    9;      0;   101.4;      0;   33.5;eor
        555;20080901;20080930;    9;      0;    77.7;      0;   43.9;eor
        555;20081001;20081031;    9;      0;    78.9;      0;   17.9;eor
        555;20081101;20081130;    9;      0;    60.0;      0;   12.4;eor
        555;20081201;20081231;    9;      1;    43.9;      1;    7.2;eor
        555;20090101;20090131;    9;     17;    39.3;    114;   12.7;eor
        555;20090201;20090228;    9;      0;    70.0;      0;   14.5;eor
        555;20090301;20090331;    9;      0;   114.2;      0;   26.4;eor
        555;20090401;20090430;    9;      0;    26.1;      0;    5.9;eor
        555;20090501;20090531;    9;      0;    42.5;      0;   13.3;eor
        555;20090601;20090630;    9;      0;    87.8;      0;   14.3;eor
        555;20090701;20090731;    9;      0;   132.9;      0;   21.3;eor
        555;20090801;20090831;    9;      0;    31.4;      0;   12.4;eor
        555;20090901;20090930;    9;      0;    29.5;      0;    8.4;eor
        555;20091001;20091031;    9;      0;   108.5;      0;   31.5;eor
        555;20091101;20091130;    9;      0;   124.6;      0;   27.6;eor
        555;20091201;20091231;    9;     14;    83.7;     28;   16.1;eor
        555;20100101;20100131;    9;     42;    48.6;    158;   10.7;eor
        555;20100201;20100228;    9;     18;    73.0;     62;   16.7;eor
        555;20100301;20100331;    9;      4;    68.0;      7;   12.0;eor
        555;20100401;20100430;    9;      0;    11.4;      0;    6.8;eor
        555;20100501;20100531;    9;      0;    52.0;      0;   20.2;eor
        555;20100601;20100630;    9;      0;    22.6;      0;    9.3;eor
        555;20100701;20100731;    9;      0;    78.7;      0;   12.8;eor
        555;20100801;20100831;    9;      0;   187.4;      0;   34.4;eor
        555;20100901;20100930;    9;      0;    72.3;      0;   18.0;eor
        555;20101001;20101031;    9;      0;    51.2;      0;   14.9;eor
        555;20101101;20101130;    9;      6;   126.6;      6;   33.6;eor
        555;20101201;20101231;    9;     60;    84.8;    375;   12.3;eor
        555;20110101;20110131;    9;      1;   100.7;    106;   19.5;eor
        555;20110201;20110228;    9;      0;    41.5;      0;   12.4;eor
        555;20110301;20110331;    9;      0;    13.3;      0;    5.9;eor
        555;20110401;20110430;    9;      0;    19.1;      0;    7.0;eor
        555;20110501;20110531;    9;      0;    22.0;      0;   15.1;eor
        555;20110601;20110630;    9;      0;    76.7;      0;   17.7;eor
        555;20110701;20110731;    9;      0;   120.2;      0;   30.4;eor
        555;20110801;20110831;    9;      0;   125.0;      0;   31.7;eor
        555;20110901;20110930;    9;      0;    64.2;      0;   15.7;eor
        555;20111001;20111031;    9;      0;    73.2;      0;   18.7;eor
        555;20111101;20111130;    9;   -999;     2.3;-999;    1.4;eor
        555;20111201;20111231;    9;      0;   115.8;      0;   15.2;eor
        555;20120101;20120131;    9;      0;    -999;      0;   20.5;eor
        555;20120201;20120229;    9;      0;    23.1;      0;    5.3;eor
        555;20120301;20120331;    9;      0;    14.9;      0;    6.0;eor
        555;20120401;20120430;    9;      0;    -999;      0;    5.6;eor
        555;20120501;20120531;    9;   -999;    36.2;-999;   10.8;eor
        555;20120601;20120630;    9;   -999;   101.0;-999;   18.0;eor
        555;20120701;20120731;    9;   -999;   100.0;-999;   17.4;eor
        555;20120801;20120831;    9;   -999;    24.2;-999;    6.0;eor
        555;20120901;20120930;    9;   -999;    35.4;-999;    6.6;eor
        555;20121001;20121031;    9;   -999;    80.9;-999;   24.5;eor
        555;20121101;20121130;    9;      0;    33.4;      0;    7.2;eor
        555;20121201;20121231;    9;   -999;   132.1;-999;   15.7;eor
        555;20130101;20130131;    9;   -999;    52.6;-999;    9.3;eor
        555;20130201;20130228;    9;     16;    58.7;     33;   11.2;eor
        555;20130301;20130331;    9;      6;    37.5;      8;   11.6;eor
        555;20130401;20130430;    9;      0;    21.9;      0;    9.5;eor
        555;20130501;20130531;    9;   -999;    81.7;-999;   16.4;eor
        555;20130601;20130630;    3;   -999;   120.4;-999;   73.9;eor
        555;20130701;20130731;    3;   -999;     7.4;-999;    3.4;eor
        555;20130801;20130831;-999;-999;-999;-999;   14.4;eor
        555;20130901;20130930;-999;-999;-999;-999;    6.9;eor
        555;20131001;20131031;    3;      0;    67.1;      0;   11.3;eor
        555;20131101;20131130;    3;      0;    80.3;      0;   17.2;eor
        555;20131201;20131231;    3;      0;    70.8;      0;   20.1;eor
        555;20140101;20140131;    3;      0;    44.9;      0;   11.2;eor
        555;20140201;20140228;    3;      0;    31.7;      0;    4.9;eor
        555;20140301;20140331;    3;      0;     9.9;      0;    3.4;eor
        555;20140401;20140430;    3;      0;    41.3;      0;    8.5;eor
        555;20140501;20140531;    3;   -999;   102.3;-999;   20.3;eor
        555;20140601;20140630;    3;   -999;    89.5;-999;   31.3;eor
        555;20140701;20140731;    3;   -999;   183.7;-999;   31.5;eor
        555;20140801;20140831;    3;   -999;    94.6;-999;   14.8;eor
        555;20140901;20140930;    3;   -999;    78.7;-999;   38.9;eor
        555;20141001;20141031;    3;      0;    59.0;      0;   13.6;eor
        555;20141101;20141130;    3;      0;    55.5;      0;   15.3;eor
        555;20141201;20141231;    3;      2;    78.8;      2;   19.0;eor
        555;20150101;20150131;    3;     11;    91.1;     11;   19.2;eor
        555;20150201;20150228;    3;      0;    46.7;      0;    9.8;eor
        555;20150301;20150331;    3;      0;    64.6;      0;   20.5;eor
        555;20150401;20150430;    3;      0;    30.5;      0;   13.5;eor
        555;20150501;20150531;-999;-999;-999;-999;    6.2;eor
        555;20150601;20150630;    3;   -999;    48.9;-999;   12.6;eor
        555;20150701;20150731;    3;   -999;    88.6;-999;   11.3;eor
        555;20150801;20150831;    3;   -999;   146.9;-999;   32.0;eor
        555;20150901;20150930;    3;   -999;    98.7;-999;   14.8;eor
        555;20151001;20151031;    3;      0;    51.9;      0;   12.2;eor
        555;20151101;20151130;    3;      0;   122.5;      0;   26.5;eor
        555;20151201;20151231;    3;      0;    48.8;      0;    9.4;eor
        555;20160101;20160131;    3;      0;   110.0;      0;   19.4;eor
        555;20160201;20160229;    3;      0;    88.3;      0;   14.5;eor
        555;20160301;20160331;    3;      0;    46.4;      0;   10.5;eor
        555;20160401;20160430;    3;      0;    57.4;      0;   10.5;eor
        555;20160501;20160531;    3;   -999;    71.5;-999;   35.7;eor
        555;20160601;20160630;    3;   -999;   144.8;-999;   26.9;eor
        555;20160701;20160731;    3;   -999;    33.1;-999;    5.9;eor
        555;20160801;20160831;    3;   -999;    55.7;-999;   11.4;eor
        555;20160901;20160930;    3;   -999;    29.3;-999;   23.2;eor
        555;20161001;20161031;    3;      0;    36.5;      0;    9.6;eor
        555;20161101;20161130;    3;      0;    60.6;      0;   12.1;eor
        555;20161201;20161231;    3;      0;    24.0;      0;    6.0;eor
        555;20170101;20170131;    3;      9;    43.1;     10;    8.5;eor
        555;20170201;20170228;    3;      0;    80.4;      0;   37.2;eor
        555;20170301;20170331;    3;      0;    55.7;      0;   16.6;eor
        555;20170401;20170430;    3;      0;    23.9;      0;    7.4;eor
        555;20170501;20170531;    3;   -999;    47.8;-999;   10.6;eor
        555;20170601;20170630;    3;   -999;    51.8;-999;   10.4;eor
        555;20170701;20170731;    3;   -999;   126.8;-999;   32.8;eor
        555;20170801;20170831;    3;   -999;    69.7;-999;   14.5;eor
        555;20170901;20170930;    3;   -999;   108.5;-999;   35.1;eor
        555;20171001;20171031;    3;      0;    59.7;      0;   15.5;eor
        555;20171101;20171130;    3;      0;   101.8;      0;   15.7;eor
        555;20171201;20171231;    3;      7;   107.2;      8;   19.8;eor
